############### Identical #########################
makespan: 38.0

0: (1, 1), (21, 1), (41, 1), (61, 1), (81, 2), (101, 3), (121, 4), (141, 5), (161, 6), (181, 7), 
1: (2, 1), (22, 1), (42, 1), (62, 1), (82, 2), (102, 3), (122, 4), (142, 5), (162, 6), (182, 7), 
2: (3, 1), (23, 1), (43, 1), (63, 1), (83, 2), (103, 3), (123, 4), (143, 5), (163, 6), (183, 7), 
3: (4, 1), (24, 1), (44, 1), (64, 1), (84, 2), (104, 3), (124, 4), (144, 5), (164, 6), (184, 7), 
4: (5, 1), (25, 1), (45, 1), (65, 1), (85, 2), (105, 3), (125, 4), (145, 5), (165, 6), (185, 7), 
5: (6, 1), (26, 1), (46, 1), (66, 1), (86, 2), (106, 3), (126, 5), (146, 5), (166, 6), (186, 8), 
6: (7, 1), (27, 1), (47, 1), (67, 1), (87, 2), (107, 3), (127, 5), (147, 5), (167, 6), (187, 8), 
7: (8, 1), (28, 1), (48, 1), (68, 1), (88, 2), (108, 3), (128, 5), (148, 5), (168, 6), (188, 8), 
8: (9, 1), (29, 1), (49, 1), (69, 1), (89, 2), (109, 3), (129, 5), (149, 5), (169, 6), (189, 8), 
9: (10, 1), (30, 1), (50, 1), (70, 1), (90, 2), (110, 3), (130, 5), (150, 5), (170, 6), (190, 8), 
10: (11, 1), (31, 1), (51, 1), (71, 1), (91, 2), (111, 4), (131, 5), (151, 6), (171, 6), (191, 8), 
11: (12, 1), (32, 1), (52, 1), (72, 1), (92, 2), (112, 4), (132, 5), (152, 6), (172, 6), (192, 8), 
12: (13, 1), (33, 1), (53, 1), (73, 1), (93, 2), (113, 4), (133, 5), (153, 6), (173, 6), (193, 8), 
13: (14, 1), (34, 1), (54, 1), (74, 1), (94, 2), (114, 4), (134, 5), (154, 6), (174, 6), (194, 8), 
14: (15, 1), (35, 1), (55, 1), (75, 1), (95, 2), (115, 4), (135, 5), (155, 6), (175, 6), (195, 8), 
15: (16, 1), (36, 1), (56, 1), (76, 2), (96, 2), (116, 4), (136, 5), (156, 6), (176, 7), (196, 8), 
16: (17, 1), (37, 1), (57, 1), (77, 2), (97, 2), (117, 4), (137, 5), (157, 6), (177, 7), (197, 9), 
17: (18, 1), (38, 1), (58, 1), (78, 2), (98, 2), (118, 4), (138, 5), (158, 6), (178, 7), (198, 9), 
18: (19, 1), (39, 1), (59, 1), (79, 2), (99, 2), (119, 4), (139, 5), (159, 6), (179, 7), (199, 9), 
19: (20, 1), (40, 1), (60, 1), (80, 2), (100, 2), (120, 4), (140, 5), (160, 6), (180, 7), (200, 9), 
#################### Uniform ######################
makespan: 22.5

0: (1, 1), (6, 1), (11, 1), (16, 1), (36, 1), (41, 1), (46, 1), (51, 1), (71, 1), (76, 2), (81, 2), (86, 2), (101, 3), (111, 4), (116, 4), (121, 4), (126, 5), (141, 5), (151, 6), (156, 6), (161, 6), (176, 7), (186, 8), (191, 8), (196, 8), 
1: (2, 1), (7, 1), (12, 1), (17, 1), (37, 1), (42, 1), (47, 1), (52, 1), (72, 1), (77, 2), (82, 2), (87, 2), (102, 3), (112, 4), (117, 4), (122, 4), (127, 5), (142, 5), (152, 6), (157, 6), (162, 6), (177, 7), (187, 8), (192, 8), (197, 9), 
2: (3, 1), (8, 1), (13, 1), (18, 1), (38, 1), (43, 1), (48, 1), (53, 1), (73, 1), (78, 2), (83, 2), (88, 2), (103, 3), (113, 4), (118, 4), (123, 4), (128, 5), (143, 5), (153, 6), (158, 6), (163, 6), (178, 7), (188, 8), (193, 8), (198, 9), 
3: (4, 1), (9, 1), (14, 1), (19, 1), (39, 1), (44, 1), (49, 1), (54, 1), (74, 1), (79, 2), (84, 2), (89, 2), (104, 3), (114, 4), (119, 4), (124, 4), (129, 5), (144, 5), (154, 6), (159, 6), (164, 6), (179, 7), (189, 8), (194, 8), (199, 9), 
4: (5, 1), (10, 1), (15, 1), (20, 1), (40, 1), (45, 1), (50, 1), (55, 1), (75, 1), (80, 2), (85, 2), (90, 2), (105, 3), (115, 4), (120, 4), (125, 4), (130, 5), (145, 5), (155, 6), (160, 6), (165, 6), (180, 7), (190, 8), (195, 8), (200, 9), 
5: (21, 1), (56, 1), (91, 2), (131, 5), (166, 6), 
6: (22, 1), (57, 1), (92, 2), (132, 5), (167, 6), 
7: (23, 1), (58, 1), (93, 2), (133, 5), (168, 6), 
8: (24, 1), (59, 1), (94, 2), (134, 5), (169, 6), 
9: (25, 1), (60, 1), (95, 2), (135, 5), (170, 6), 
10: (26, 1), (61, 1), (96, 2), (136, 5), (171, 6), 
11: (27, 1), (62, 1), (97, 2), (137, 5), (172, 6), 
12: (28, 1), (63, 1), (98, 2), (138, 5), (173, 6), 
13: (29, 1), (64, 1), (99, 2), (139, 5), (174, 6), 
14: (30, 1), (65, 1), (100, 2), (140, 5), (175, 6), 
15: (31, 1), (66, 1), (106, 3), (146, 5), (181, 7), 
16: (32, 1), (67, 1), (107, 3), (147, 5), (182, 7), 
17: (33, 1), (68, 1), (108, 3), (148, 5), (183, 7), 
18: (34, 1), (69, 1), (109, 3), (149, 5), (184, 7), 
19: (35, 1), (70, 1), (110, 3), (150, 5), (185, 7), 
################## Dependencies #######################
makespan: 23.0

0: (1, 1), (21, 1), (26, 1), (31, 1), (36, 1), (73, 1), (78, 2), (83, 2), (103, 3), (108, 3), (120, 4), (140, 5), (145, 5), (150, 5), (158, 6), (170, 6), (175, 6), (62, 1), (67, 1), (178, 7), (198, 9), 
1: (2, 1), (22, 1), (27, 1), (32, 1), (37, 1), (74, 1), (79, 2), (84, 2), (104, 3), (109, 3), (121, 4), (141, 5), (146, 5), (151, 6), (111, 4), (166, 6), (171, 6), (53, 1), (63, 1), (68, 1), (179, 7), (199, 9), 
2: (3, 1), (23, 1), (28, 1), (33, 1), (38, 1), (75, 1), (80, 2), (85, 2), (105, 3), (110, 3), (122, 4), (142, 5), (147, 5), (152, 6), (112, 4), (167, 6), (172, 6), (54, 1), (64, 1), (69, 1), (180, 7), (200, 9), 
3: (4, 1), (24, 1), (29, 1), (34, 1), (39, 1), (76, 2), (81, 2), (101, 3), (106, 3), (118, 4), (138, 5), (143, 5), (148, 5), (156, 6), (168, 6), (173, 6), (55, 1), (65, 1), (176, 7), (196, 8), 
4: (5, 1), (25, 1), (30, 1), (35, 1), (40, 1), (77, 2), (82, 2), (102, 3), (107, 3), (119, 4), (139, 5), (144, 5), (149, 5), (157, 6), (169, 6), (174, 6), (56, 1), (66, 1), (177, 7), (197, 9), 
5: (6, 1), (41, 1), (86, 2), (123, 4), (153, 6), (181, 7), 
6: (7, 1), (42, 1), (87, 2), (124, 4), (154, 6), (182, 7), 
7: (8, 1), (43, 1), (88, 2), (125, 4), (155, 6), (183, 7), 
8: (9, 1), (44, 1), (89, 2), (126, 5), (113, 4), (57, 1), (184, 7), 
9: (10, 1), (45, 1), (90, 2), (127, 5), (114, 4), (58, 1), (185, 7), 
10: (11, 1), (46, 1), (91, 2), (128, 5), (115, 4), (59, 1), (186, 8), 
11: (12, 1), (47, 1), (92, 2), (129, 5), (116, 4), (60, 1), (187, 8), 
12: (13, 1), (48, 1), (93, 2), (130, 5), (117, 4), (61, 1), (188, 8), 
13: (14, 1), (49, 1), (94, 2), (131, 5), (159, 6), (189, 8), 
14: (15, 1), (50, 1), (95, 2), (132, 5), (160, 6), (190, 8), 
15: (16, 1), (51, 1), (96, 2), (133, 5), (161, 6), (191, 8), 
16: (17, 1), (52, 1), (97, 2), (134, 5), (162, 6), (192, 8), 
17: (18, 1), (70, 1), (98, 2), (135, 5), (163, 6), (193, 8), 
18: (19, 1), (71, 1), (99, 2), (136, 5), (164, 6), (194, 8), 
19: (20, 1), (72, 1), (100, 2), (137, 5), (165, 6), (195, 8),
